spawns:
  default:
    world: 0623dd14-0360-4f53-a8be-867cfe82684e
    world-name: spawn
    x: 19.317167388411754
    y: 71.0
    z: 22.499612618678032
    yaw: -269.9071960449219
    pitch: -0.546174943447113
