world: 75953e26-bdca-4afc-8232-22b777cfcc05
world-name: world
x: -1219.6694391292797
y: 64.0
z: -1217.8864834988917
yaw: 93.65728759765625
pitch: 17.694026947021484
name: _pupok
lastowner: 967ab502-15fd-3110-bec9-b8bdd7f0c0c0
