world: 75953e26-bdca-4afc-8232-22b777cfcc05
world-name: world
x: -79.91509729176893
y: 73.0
z: 338.9084640398798
yaw: -19.256738662719727
pitch: 26.399892807006836
name: _Temnuy_Princ_
lastowner: 291803d4-f5ce-333f-a3ae-bfd528658a84
