world: 0623dd14-0360-4f53-a8be-867cfe82684e
world-name: spawn
x: -27.2511372903893
y: 62.0
z: -7.0665253465140365
yaw: -146.1644287109375
pitch: 5.249879360198975
name: afk
lastowner: 80f2f1c6-448d-3378-af4b-dd14941950a8
