world: f3960c58-5c6c-40c5-a3fe-5298990f5a66
world-name: spawn
x: 1.018825897835709
y: 46.0
z: 18.508042689614797
yaw: -90.35742950439453
pitch: -0.9961724877357483
name: ah
lastowner: 80f2f1c6-448d-3378-af4b-dd14941950a8
