world: 75953e26-bdca-4afc-8232-22b777cfcc05
world-name: world
x: -694.43202961665
y: 13.0
z: -739.3000000119209
yaw: -181.0308837890625
pitch: 33.66114807128906
name: ahmedfibishka
lastowner: 28c07baf-3710-3a2e-8712-86b82812581b
