world: 75953e26-bdca-4afc-8232-22b777cfcc05
world-name: world
x: 877.3000000119209
y: 2.0
z: -291.30000001192093
yaw: -182.3999481201172
pitch: 7.5000457763671875
name: bobik
lastowner: 2ca010c8-5301-3712-b707-9b3aaac7891e
