world: 0623dd14-0360-4f53-a8be-867cfe82684e
world-name: spawn
x: 11.5
y: 63.0
z: -30.5
yaw: 267.6847839355469
pitch: 0.5997951626777649
name: buyer
lastowner: 80f2f1c6-448d-3378-af4b-dd14941950a8
