world: 0623dd14-0360-4f53-a8be-867cfe82684e
world-name: spawn
x: -11.615658456271758
y: 62.0
z: 22.480578607079668
yaw: -269.915283203125
pitch: -8.400086402893066
name: cases
lastowner: 80f2f1c6-448d-3378-af4b-dd14941950a8
