world: f3960c58-5c6c-40c5-a3fe-5298990f5a66
world-name: spawn
x: 107.89941490827195
y: 45.0
z: 0.3579889662543575
yaw: -89.15727233886719
pitch: -0.7500041723251343
name: casino
lastowner: 80f2f1c6-448d-3378-af4b-dd14941950a8
