world: 75953e26-bdca-4afc-8232-22b777cfcc05
world-name: world
x: -357.69999998807907
y: 69.0
z: 9.699999988079071
yaw: -189.8996124267578
pitch: 80.69996643066406
name: clan_ezz
lastowner: c19eb49c-da75-335a-a634-d8a4823703ee
