world: 75953e26-bdca-4afc-8232-22b777cfcc05
world-name: world
x: -353.0645710215272
y: 69.0
z: 5.32990049223442
yaw: 66.80980682373047
pitch: 3.45021915435791
name: dildorf
lastowner: 9ade796c-32ed-33c3-9f50-da4dfae5a18e
