world: 75953e26-bdca-4afc-8232-22b777cfcc05
world-name: world
x: 307.09571344195734
y: 69.42869951750058
z: 91.70874950582017
yaw: 357.6813049316406
pitch: 47.77765655517578
name: event
lastowner: e3cc1ea9-75e8-383a-a9bf-ba141c519747
