world: 75953e26-bdca-4afc-8232-22b777cfcc05
world-name: world
x: 176.30000001192093
y: 10.0
z: 250.30000001192093
yaw: -14.907530784606934
pitch: 16.49999237060547
name: ez
lastowner: fa1f5fa5-6297-3257-8a8b-d3a8ee5bd353
