world: 75953e26-bdca-4afc-8232-22b777cfcc05
world-name: world
x: 123.30000001192093
y: 46.0
z: 989.3000000119209
yaw: 314.9437255859375
pitch: 16.499940872192383
name: ezka
lastowner: cbf48efa-b246-37ef-81e0-44617e7b7c36
