world: 75953e26-bdca-4afc-8232-22b777cfcc05
world-name: world
x: 711.5043224962442
y: 24.0
z: -1186.699999988079
yaw: 299.6421813964844
pitch: -33.44997024536133
name: ezki
lastowner: 115e19ef-c8d2-3401-aa68-1ad101ce3c94
