world: 75953e26-bdca-4afc-8232-22b777cfcc05
world-name: world
x: -1083.9203016076553
y: 78.0
z: 360.3115302574219
yaw: 293.01861572265625
pitch: 5.550022602081299
name: ezz
lastowner: ff813494-fbb2-3d82-a338-15fb41ad5369
