world: 75953e26-bdca-4afc-8232-22b777cfcc05
world-name: world
x: 253.52166358090588
y: 100.0
z: 427.4882600105523
yaw: -337.408203125
pitch: 2.249976396560669
name: ezz15
lastowner: 512c8428-e178-3feb-bb80-6a8898382504
