world: 75953e26-bdca-4afc-8232-22b777cfcc05
world-name: world
x: -47.30000001192093
y: 71.0
z: 138.35960419594156
yaw: -325.734375
pitch: 22.77090835571289
name: ezz9
lastowner: 9bca2772-ea9f-3062-a938-0293769b590a
