world: f3960c58-5c6c-40c5-a3fe-5298990f5a66
world-name: spawn
x: 26.271478841527987
y: 48.0
z: -92.16214281073917
yaw: -178.25733947753906
pitch: 11.003877639770508
name: farm
lastowner: 80f2f1c6-448d-3378-af4b-dd14941950a8
