world: 009824fd-7042-402f-a1de-edaa4576b5fa
world-name: world_nether
x: -701.501027324272
y: 128.0
z: 744.0586072287883
yaw: -0.6063928008079529
pitch: 1.0502146482467651
name: feerstore
lastowner: 9ade796c-32ed-33c3-9f50-da4dfae5a18e
