world: f3960c58-5c6c-40c5-a3fe-5298990f5a66
world-name: spawn
x: 84.07368621984791
y: 35.5
z: 60.06862288339004
yaw: -59.307525634765625
pitch: -1.7461766004562378
name: fish
lastowner: 80f2f1c6-448d-3378-af4b-dd14941950a8
