world: 75953e26-bdca-4afc-8232-22b777cfcc05
world-name: world
x: -174.36748147842277
y: 63.0
z: 1086.0687458135053
yaw: -175.85638427734375
pitch: 18.299880981445312
name: Fpvp
lastowner: 0514690b-d18e-306f-993c-b5d252663ae8
