world: 009824fd-7042-402f-a1de-edaa4576b5fa
world-name: world_nether
x: 738.4058153567405
y: 128.0
z: -733.131930134516
yaw: 178.86587524414062
pitch: 15.450019836425781
name: konkurs
lastowner: d5fa8323-2a1b-3206-85ed-e1bc4eb65124
