world: 75953e26-bdca-4afc-8232-22b777cfcc05
world-name: world
x: 712.6952331819339
y: 64.0
z: 998.399379920954
yaw: 120.24203491210938
pitch: 7.199995994567871
name: krut
lastowner: 407eaf70-b011-3828-982f-c7f82ae0f465
