world: f3960c58-5c6c-40c5-a3fe-5298990f5a66
world-name: spawn
x: 1.5145050641775328
y: 39.0
z: 79.40909122620963
yaw: 29.49249839782715
pitch: -3.396167278289795
name: les
lastowner: 80f2f1c6-448d-3378-af4b-dd14941950a8
