world: 75953e26-bdca-4afc-8232-22b777cfcc05
world-name: world
x: -124.30000001192093
y: 67.0
z: -323.3896472374976
yaw: -264.33331298828125
pitch: 30.299959182739258
name: lolsoft
lastowner: 6105cfe5-d518-30e5-a4f6-604f06881859
