world: f3960c58-5c6c-40c5-a3fe-5298990f5a66
world-name: spawn
x: 130.62854277826375
y: 33.0
z: -49.68347019283853
yaw: -118.85767364501953
pitch: 1.1038546562194824
name: mine
lastowner: 80f2f1c6-448d-3378-af4b-dd14941950a8
