world: 0623dd14-0360-4f53-a8be-867cfe82684e
world-name: spawn
x: 11.795605710433362
y: 63.0
z: -30.566504940457065
yaw: -92.01513671875
pitch: 3.2998764514923096
name: obmen
lastowner: 80f2f1c6-448d-3378-af4b-dd14941950a8
