world: 75953e26-bdca-4afc-8232-22b777cfcc05
world-name: world
x: -444.6004512600151
y: 3.0
z: 729.7561809504323
yaw: 184.3375244140625
pitch: 20.528608322143555
name: ofofo
lastowner: 254fcf94-8d70-32a9-869a-ea23c4be2ebc
