world: 75953e26-bdca-4afc-8232-22b777cfcc05
world-name: world
x: 673.6999999880791
y: 11.0
z: 648.8734649402558
yaw: -180.8348388671875
pitch: 15.78813648223877
name: pelmen2227
lastowner: b7f7383a-a45c-30ac-a5a2-0adafd0fe307
