world: 75953e26-bdca-4afc-8232-22b777cfcc05
world-name: world
x: -79.5
y: 73.0
z: 338.5
yaw: 1.8934961557388306
pitch: 20.99988555908203
name: pisun
lastowner: 291803d4-f5ce-333f-a3ae-bfd528658a84
