world: 0623dd14-0360-4f53-a8be-867cfe82684e
world-name: spawn
x: -27.5
y: 62.0
z: -7.5
yaw: 211.7349395751953
pitch: 6.149839878082275
name: pool
lastowner: 80f2f1c6-448d-3378-af4b-dd14941950a8
