world: 0623dd14-0360-4f53-a8be-867cfe82684e
world-name: spawn
x: 15.338865571391343
y: 63.0
z: 85.24793716266487
yaw: -53.91510772705078
pitch: -0.9001683592796326
name: portals
lastowner: 80f2f1c6-448d-3378-af4b-dd14941950a8
