world: 75953e26-bdca-4afc-8232-22b777cfcc05
world-name: world
x: 744.6999999880791
y: 62.0
z: -69.30000001192093
yaw: -60.78887939453125
pitch: 41.08339309692383
name: pv[
lastowner: 1e874ccb-4f50-3726-8351-4f99339256fa
