world: 75953e26-bdca-4afc-8232-22b777cfcc05
world-name: world
x: -1246.5440425381064
y: 68.0
z: 1239.4287457611822
yaw: 269.9407653808594
pitch: 30.899988174438477
name: PveEzka
lastowner: a82cdfd7-8c16-34e3-beb2-7bfb5924ede6
