world: 0623dd14-0360-4f53-a8be-867cfe82684e
world-name: spawn
x: -50.94217624453074
y: 64.0
z: 75.65896229792129
yaw: -334.26416015625
pitch: 3.7498679161071777
name: pvp
lastowner: 80f2f1c6-448d-3378-af4b-dd14941950a8
