world: 75953e26-bdca-4afc-8232-22b777cfcc05
world-name: world
x: 599.3000000119209
y: 2.0
z: 997.4343776195896
yaw: 181.81689453125
pitch: 40.272281646728516
name: pvp5
lastowner: 5a461e97-2d99-31f2-abea-5ef5478e0b7c
