world: 75953e26-bdca-4afc-8232-22b777cfcc05
world-name: world
x: -81.53659026725629
y: 79.0
z: -1035.1934004117481
yaw: -90.39532470703125
pitch: 14.163581848144531
name: pvp_1x1
lastowner: 625bb2de-7acf-3447-8b76-95426eaffb42
