world: 75953e26-bdca-4afc-8232-22b777cfcc05
world-name: world
x: 114.31455997123403
y: 80.0
z: -185.470537307074
yaw: 260.1920471191406
pitch: 8.454019546508789
name: pvp_1ez
lastowner: c32795de-242a-3b82-bf8c-a93b57c77616
