world: 75953e26-bdca-4afc-8232-22b777cfcc05
world-name: world
x: 116.57542433976354
y: 80.0
z: -184.23750001192093
yaw: 167.808349609375
pitch: 6.150151252746582
name: pvp_1
lastowner: c32795de-242a-3b82-bf8c-a93b57c77616
