world: 75953e26-bdca-4afc-8232-22b777cfcc05
world-name: world
x: -79.91269942688938
y: 79.0
z: -1036.8665865937162
yaw: -83.34455108642578
pitch: 17.76352882385254
name: pvp_ezz
lastowner: fa6f4c32-776a-3c25-88f1-cbc31a3b1939
