world: 009824fd-7042-402f-a1de-edaa4576b5fa
world-name: world_nether
x: 75.50265235237886
y: 48.0
z: -223.37240442716885
yaw: -357.4914245605469
pitch: -6.449916362762451
name: PVP_EZ
lastowner: e63293c9-ca7e-32e2-b59c-54e7d11fc81e
