world: 75953e26-bdca-4afc-8232-22b777cfcc05
world-name: world
x: -177.5
y: 32.0
z: 104.5
yaw: 335.679443359375
pitch: 24.90000343322754
name: PvP_bax
lastowner: 87e82445-1205-3103-a262-217b94a29222
