world: 75953e26-bdca-4afc-8232-22b777cfcc05
world-name: world
x: 971.4466176062325
y: 64.0
z: 23.74191158022357
yaw: -265.862548828125
pitch: 44.038753509521484
name: pvpcoco
lastowner: 898b7727-4d57-3a54-85f2-fa2c48f1ad81
