world: 75953e26-bdca-4afc-8232-22b777cfcc05
world-name: world
x: -688.3000000119209
y: 74.0
z: 863.4875000119209
yaw: 28.582761764526367
pitch: 33.60000991821289
name: pvpez
lastowner: ddd02381-ee8e-3fb9-bd43-fdc5a04c11d4
