world: 75953e26-bdca-4afc-8232-22b777cfcc05
world-name: world
x: -708.0825849064236
y: 69.0
z: 878.9157666359276
yaw: -141.2112274169922
pitch: 16.5001220703125
name: pvpez1
lastowner: f9ae5872-4ce8-34dd-a6fb-926ac128432f
