world: 75953e26-bdca-4afc-8232-22b777cfcc05
world-name: world
x: -88.36164808183013
y: 75.0
z: -1031.2958959946304
yaw: 329.3055725097656
pitch: 61.413692474365234
name: pvpezz
lastowner: fa6f4c32-776a-3c25-88f1-cbc31a3b1939
