world: 009824fd-7042-402f-a1de-edaa4576b5fa
world-name: world_nether
x: -89.49402047644338
y: 75.0
z: 299.69999998807907
yaw: -178.5733642578125
pitch: 29.24957847595215
name: pvpezki
lastowner: fa6f4c32-776a-3c25-88f1-cbc31a3b1939
