world: 75953e26-bdca-4afc-8232-22b777cfcc05
world-name: world
x: -88.69999998807907
y: 74.71864372641993
z: -1029.4759574713873
yaw: 247.56253051757812
pitch: 58.1999626159668
name: pvpezzz
lastowner: fa6f4c32-776a-3c25-88f1-cbc31a3b1939
