world: 75953e26-bdca-4afc-8232-22b777cfcc05
world-name: world
x: -124.30000001192093
y: 67.0
z: -323.5523891773308
yaw: -255.48324584960938
pitch: 24.89997100830078
name: pvptime
lastowner: 6105cfe5-d518-30e5-a4f6-604f06881859
