world: 75953e26-bdca-4afc-8232-22b777cfcc05
world-name: world
x: 327.98819852666406
y: 64.0
z: -94.25089981829504
yaw: -266.4573974609375
pitch: 49.85387420654297
name: razdaca
lastowner: c19eb49c-da75-335a-a634-d8a4823703ee
