world: 75953e26-bdca-4afc-8232-22b777cfcc05
world-name: world
x: 1081.8851359855644
y: 63.0
z: -571.6928581333469
yaw: -239.97222900390625
pitch: 54.05339431762695
name: shipychka
lastowner: 898b7727-4d57-3a54-85f2-fa2c48f1ad81
