world: 009824fd-7042-402f-a1de-edaa4576b5fa
world-name: world_nether
x: -701.5191650852346
y: 128.0
z: 742.6079012590774
yaw: 359.8434753417969
pitch: 4.200201988220215
name: shopik
lastowner: 9ade796c-32ed-33c3-9f50-da4dfae5a18e
