world: 75953e26-bdca-4afc-8232-22b777cfcc05
world-name: world
x: 703.5933274080859
y: 64.0
z: 998.8669748207418
yaw: 147.09228515625
pitch: 21.750141143798828
name: sin
lastowner: 407eaf70-b011-3828-982f-c7f82ae0f465
