world: 75953e26-bdca-4afc-8232-22b777cfcc05
world-name: world
x: 47.42036192461333
y: 75.0
z: -363.4715973515141
yaw: 210.91168212890625
pitch: 40.200035095214844
name: zebra
lastowner: 9efb6e19-29ec-3d3c-a7e7-5831baf57e7c
